3.851072767969000114e-03 1.305415080019000015e+04 -1.266049796604999938e+04
7.983688781375000362e-03 4.094833258904999821e+04 -2.431140374945000076e+04
1.284081947528999991e-02 5.032238854505999916e+04 4.147993864338999629e+03
1.778225574706999990e-02 5.634481161843000154e+04 2.665891725108999890e+04
2.271008713111000166e-02 5.555213338951000333e+04 2.479270733660000042e+04
2.768286246536999853e-02 4.944594287456000166e+04 1.543373290977999932e+04
3.264655976735000159e-02 4.443729869640999823e+04 1.344561352873999931e+04
3.764014837444999706e-02 3.946495487247999699e+04 1.021101505462999921e+04
4.260815189396000013e-02 3.351080205068000214e+04 1.034118460668000080e+04
4.758004773071999871e-02 3.083411574851000114e+04 7.118066630156999963e+03
5.258326423423000107e-02 3.069869606479999857e+04 8.083446801828000389e+03
5.756157658516999898e-02 2.736547158797999873e+04 9.314123459480999372e+03
6.255836711840000175e-02 2.554025864554999862e+04 8.537851383822999196e+03
6.755626802891000204e-02 2.326856083381999997e+04 8.135880323221000253e+03
7.253635409238000376e-02 2.134869224146999841e+04 5.353595090552999864e+03
7.754032903551999478e-02 1.988928918410999904e+04 4.522019129645000248e+03
8.255220702418999967e-02 1.872870121952000045e+04 5.269677015993999703e+03
8.755251246369000206e-02 1.777672763800000030e+04 5.649372295797999868e+03
9.254114227873999621e-02 1.642961252018999949e+04 4.698767090211000323e+03
9.754754541271000445e-02 1.457876187340999968e+04 4.222029132265999579e+03
1.025473506279999947e-01 1.321233685245999914e+04 4.129298067488000015e+03
1.075383138623999951e-01 1.247320351517999916e+04 3.390094056985999941e+03
1.125410899101000062e-01 1.206811496226000054e+04 4.033794102949999797e+03
1.175434423790999994e-01 1.168195823648999976e+04 4.104536207342999660e+03
1.225416316034999981e-01 1.137856928078000055e+04 4.367816809070999625e+03
1.275340262642999933e-01 1.092093775839999944e+04 3.846540109164000114e+03
1.325243227602999896e-01 1.031933492359999946e+04 3.288919048236999970e+03
1.375282665464999943e-01 9.489830788429000677e+03 3.014668135239000094e+03
1.425406834161999925e-01 8.856332594035000511e+03 2.255795575066999845e+03
1.475404834560999912e-01 8.152787677592999898e+03 2.035894893153000112e+03
1.525259953098999921e-01 7.923680600243000299e+03 2.164591010410999843e+03
1.575179470755999900e-01 7.301381006663999869e+03 1.516435561611999901e+03
1.625244315402999962e-01 7.260114750751000429e+03 1.865190528532999906e+03
1.675273795131000110e-01 6.634963401523999892e+03 2.159820153759999812e+03
1.725249885725000099e-01 6.587223409162999815e+03 1.795788321880000012e+03
1.775249623079999950e-01 6.310429998206000164e+03 1.543663802284999974e+03
1.825256938388999939e-01 6.060896209933999671e+03 1.327222376983999993e+03
1.875216808422000003e-01 5.786482241886000338e+03 1.364686036816000069e+03
1.925148970147000094e-01 5.442635560026000348e+03 1.700815265201000102e+03
1.975190717859000022e-01 5.252505984944999909e+03 1.393463138038999887e+03
2.025234611785000083e-01 5.051382312095999623e+03 1.172744267989000036e+03
2.075195483582999989e-01 4.913321454547999565e+03 9.862042346637999799e+02
2.125193763326000129e-01 4.664255457580999973e+03 7.531589474805999771e+02
2.175261261549999992e-01 4.336058236586999556e+03 7.020669406885000399e+02
2.225174816019999946e-01 4.339776592367999910e+03 1.030800843579000002e+03
2.275149767724000127e-01 4.220311149565999585e+03 1.064518989723000004e+03
2.325170146114000080e-01 4.155820125653000105e+03 8.569615471173999595e+02
2.375152538264999891e-01 3.927883090645999800e+03 8.704555190149000055e+02
2.425145767855000078e-01 3.592134664705999967e+03 7.009384594048999588e+02
2.475158702359999963e-01 3.618983044960999905e+03 7.695132953836999832e+02
2.525221622996999815e-01 3.448508139942000071e+03 5.768268566428999975e+02
2.575196216414999961e-01 3.375159675692999826e+03 4.024143862028000171e+02
2.625139267689000078e-01 3.312674860646000070e+03 4.914921199227999864e+02
2.675110875821000156e-01 3.060309203750000052e+03 2.947996927323999898e+02
2.725129713700000234e-01 2.974580107709000004e+03 9.478532245975999615e+01
2.775182054004999843e-01 2.911888177676999931e+03 3.194052535998000053e+02
2.825199819270000079e-01 2.841210406402999979e+03 3.992198815959000058e+02
2.875149021566000274e-01 2.717919640876999892e+03 4.893393920601999980e+02
2.925139456640000191e-01 2.634669881215999794e+03 4.106774871957999835e+02
2.975154324504999948e-01 2.620012906870999814e+03 4.269425394224999764e+02
3.025131716300000218e-01 2.479738163219999933e+03 3.234508195207000085e+02
3.075122951397000204e-01 2.329789084350999929e+03 2.552430096589999948e+02
3.125129604444000231e-01 2.207303961921999871e+03 1.660711816799000076e+02
3.175123047703999890e-01 2.193841376166999908e+03 7.338236579882000399e+01
3.225139055678000188e-01 2.164917727485999876e+03 7.092091591195000433e+01
3.275158680549000167e-01 2.086303228563000175e+03 6.872502022563999446e+01
3.325136493377000013e-01 1.974571124327999996e+03 1.489436828734000073e+02
3.375115327388000241e-01 1.933520466709999937e+03 1.547509209604000091e+02
3.425111707824999852e-01 1.905877443444999926e+03 8.830904515292999690e+01
3.475131165056000171e-01 1.841250338555000098e+03 3.625690727741999808e+01
3.525118764487000234e-01 1.777595615738000106e+03 5.699490950095999864e+01
3.575120947689000017e-01 1.781817583164000098e+03 6.671804821131999574e+01
3.625152159923000217e-01 1.673823929954000050e+03 1.445596691123000141e+02
3.675098212983999857e-01 1.642481656194999914e+03 9.413359629596000389e+01
3.725099304389000165e-01 1.573545568758999934e+03 7.573032455045999711e+01
3.775101174825999939e-01 1.539614013552999950e+03 -9.874905371103999130e+00
3.825082290858000111e-01 1.481170912318000092e+03 -3.643415493689000328e+01
3.875092449111999793e-01 1.474949629972999901e+03 6.195645427827999896e+01
3.925089494392000056e-01 1.485077019067000037e+03 8.233791928750000011e+01
3.975075270514000225e-01 1.391600143912000021e+03 -8.880853788797000448e+01
