3.760942340665999941e-03 5.018916834112999641e+04 3.291833242993000022e+04
8.036218174327999439e-03 2.176182542105999892e+04 1.057504808444000082e+04
1.284247474163000002e-02 2.155697963068000172e+04 1.755066373269999895e+04
1.774244715412999843e-02 1.898615687493999940e+04 1.087913614310999947e+04
2.267690530208000058e-02 1.576016460713999913e+04 1.197256488777999948e+04
2.764812745506000161e-02 1.563692361483000059e+04 1.099826181481999993e+04
3.262607183986000053e-02 1.375460336941000060e+04 9.480730019212000116e+03
3.760743989898000100e-02 1.278991028618999917e+04 7.509144144261000292e+03
4.259805180754999698e-02 1.110658849141999963e+04 6.234234481094000330e+03
4.759141317150999972e-02 9.906167948406000505e+03 6.128074954243000320e+03
5.258351311916999865e-02 9.743031402528000399e+03 7.114270857292999608e+03
5.757581661569999981e-02 8.677002679683000679e+03 5.887035998735999783e+03
6.256607554213999833e-02 8.267854727567000737e+03 5.398995814175999840e+03
6.756131675514999435e-02 7.798939203388000351e+03 4.825884508916999948e+03
7.255964272135000115e-02 7.506378641592999884e+03 4.478129153505000431e+03
7.755681376244000225e-02 6.714440171780999663e+03 4.306987083281999730e+03
8.255078876021999801e-02 5.804462642544000119e+03 3.735110374129999855e+03
8.754838822214999761e-02 5.331379995721999876e+03 3.570723511696000060e+03
9.254784618410999419e-02 5.038909960171999955e+03 3.654344453227000031e+03
9.754442855016000335e-02 4.647466358380000202e+03 3.054677885171000071e+03
1.025412744819999972e-01 4.052390388426999834e+03 2.870329123154000172e+03
1.075393687533000020e-01 3.679992461747000107e+03 2.658480173995999849e+03
1.125392438206000018e-01 3.636709434830000191e+03 2.729995170738000070e+03
1.175355598573999960e-01 3.523284514605999902e+03 2.647495430185999794e+03
1.225339150760000051e-01 3.428477365939999800e+03 2.437889162587000101e+03
1.275341125506999906e-01 3.248336686035000184e+03 2.274385093811999923e+03
1.325318054739000051e-01 3.027959835384000144e+03 2.141377910158999839e+03
1.375310976094999971e-01 2.805222393942000053e+03 2.007692130521000081e+03
1.425306620080999953e-01 2.654930205819000093e+03 1.827623483313999941e+03
1.475289285573999909e-01 2.429526725093000096e+03 1.806344806011999935e+03
1.525276183285000087e-01 2.265743433059999916e+03 1.766138068291000081e+03
1.575256898532000072e-01 2.102380717921999803e+03 1.814285224124000024e+03
1.625258697823999954e-01 2.065535737658000016e+03 1.491736320833000036e+03
1.675259070561999908e-01 1.894297229512000058e+03 1.564811930006000011e+03
1.725241311693999913e-01 1.818759291290999954e+03 1.363308287556000096e+03
1.775239299066999898e-01 1.650922384956000087e+03 1.430652634685000066e+03
1.825232486802000065e-01 1.581290686653999956e+03 1.366126805518000083e+03
1.875221015413000014e-01 1.551117528562999951e+03 1.140241672983999933e+03
1.925208906867000025e-01 1.471613225593999914e+03 1.243011999421999917e+03
1.975212621352999964e-01 1.404649118042000055e+03 1.115293891378999888e+03
2.025204023310999968e-01 1.341685011905000010e+03 1.019670823645000041e+03
2.075195491542999870e-01 1.258684369793000087e+03 1.083241556793999962e+03
2.125211143275000103e-01 1.182031549927000015e+03 1.028830271440999923e+03
2.175191170500999915e-01 1.106261080098000093e+03 1.074694057257999930e+03
2.225188454902999879e-01 1.055379023395000104e+03 1.120088802023999961e+03
2.275195833291999981e-01 1.008575369980999994e+03 1.007090791949000049e+03
2.325182527715999869e-01 9.421213356659000056e+02 7.952178876437000099e+02
2.375183738962000080e-01 9.482104140129999905e+02 8.255214929772999994e+02
2.425176502436000026e-01 9.540328400404999911e+02 7.546731893011000238e+02
2.475169181791999906e-01 8.520931813339999508e+02 8.556417878935000090e+02
2.525164517267000086e-01 8.170085268285999973e+02 8.115361324934000322e+02
2.575162563416000250e-01 7.635745656545000202e+02 8.398646184560000165e+02
2.625161633522000160e-01 7.496917811073000166e+02 7.964968543832000023e+02
2.675145994245000103e-01 6.858450684419999561e+02 7.034680271728000207e+02
2.725139283270999746e-01 6.865959086082999647e+02 6.356536990632999959e+02
2.775146451737000031e-01 6.516219855527999698e+02 5.889153341106999733e+02
2.825147278644000171e-01 6.565650188637999918e+02 5.489034190218000049e+02
2.875146027871000043e-01 6.210943867454999463e+02 6.309681196822000402e+02
2.925145286713999870e-01 5.393987283336000473e+02 5.376358034219000501e+02
2.975138602897999807e-01 5.137580797445999679e+02 6.475651982529999486e+02
3.025131407985000020e-01 4.737948074780999832e+02 6.259170752810000522e+02
3.075124791630000076e-01 4.820624303336999787e+02 6.257407808665999482e+02
3.125125724416999984e-01 4.727377342995999925e+02 5.929265463670999452e+02
3.175126668984999956e-01 4.519397557066000104e+02 5.462981184779999921e+02
3.225126157727999932e-01 4.194467215957999997e+02 4.417646695656999896e+02
3.275132220597999910e-01 4.254875656446999983e+02 4.338401839373000257e+02
3.325128553076999727e-01 3.597449356445000035e+02 5.389004209206999576e+02
3.375120435746000180e-01 3.485064890287000026e+02 4.875587377864999894e+02
3.425119810353999816e-01 3.572769535585999847e+02 4.766268106877000150e+02
3.475115881260000261e-01 3.402024649776000160e+02 4.839078490088999729e+02
3.525118347990999768e-01 3.267931123440999954e+02 4.370157273506999900e+02
3.575123059952999838e-01 3.349437285023000186e+02 4.315641648746999977e+02
3.625113082715999968e-01 2.982917560291999735e+02 4.061712237573000266e+02
3.675106998345999965e-01 2.663152959933000261e+02 3.747744864251000081e+02
3.725110010989999831e-01 2.447754450678000069e+02 3.769375427926000270e+02
3.775112719980999731e-01 2.372742068528999937e+02 4.599977694584999881e+02
3.825113576004999794e-01 2.420306448917000068e+02 4.443049179949999825e+02
3.875107083066999802e-01 2.383894564217999914e+02 4.295055455245000076e+02
3.925093202898999878e-01 2.525500779632999979e+02 4.218822150999000087e+02
3.975093881105000171e-01 2.458308134623000001e+02 3.627401848054000197e+02
