3.767432086127999943e-03 4.139876124493032694e+04 -8.796695101074332342e+03
8.016988326104999840e-03 5.113467810666484002e+04 2.654195712343160722e+03
1.280370524572999914e-02 5.498534672388956096e+04 1.135970189144925644e+04
1.773738374155999983e-02 5.534757913702655787e+04 1.568933483451357824e+04
2.269322387040999950e-02 5.251890131219726027e+04 1.719223793531560295e+04
2.764906419176000121e-02 4.800800238992181403e+04 1.707041545370109088e+04
3.261541754636999857e-02 4.293342916931475338e+04 1.608168801168301798e+04
3.760769902844000173e-02 3.829798522886947467e+04 1.459372895558512755e+04
4.259701508150000315e-02 3.435847774560910329e+04 1.328215022427760232e+04
4.759024427105999766e-02 3.125829849878773530e+04 1.208253087772046638e+04
5.258618407250999910e-02 2.879627067030913895e+04 1.110533666689687198e+04
5.757438631957000064e-02 2.684216584587139732e+04 1.020865061477594463e+04
6.256790606751999606e-02 2.520307420323943734e+04 9.429118951295280567e+03
6.756117623519999893e-02 2.361221327797495906e+04 8.797826802231647889e+03
7.255641117029000553e-02 2.200661626231927949e+04 8.134267842136331637e+03
7.755432516337000537e-02 2.031987126088112564e+04 7.517254605192853887e+03
8.255189263843000502e-02 1.861673810574842719e+04 6.895947582602247167e+03
8.754687289715000487e-02 1.699722826760846874e+04 6.278839400677109552e+03
9.254539482163999520e-02 1.551735630821896848e+04 5.754501583889810718e+03
9.754577762110000494e-02 1.423687294822405238e+04 5.292265044340675558e+03
1.025416633143999973e-01 1.316832638627549386e+04 4.901897299632674731e+03
1.075387018571000025e-01 1.231086706689340826e+04 4.543359615832311647e+03
1.125375463326000053e-01 1.161996832555971196e+04 4.225594438179433382e+03
1.175350704289000042e-01 1.104404049731567102e+04 3.935290911697255069e+03
1.225351474158000026e-01 1.053748783021004601e+04 3.684137343918268471e+03
1.275305189336999878e-01 1.005479945218310968e+04 3.464540636747753524e+03
1.325263510168999959e-01 9.560262350120527117e+03 3.268652162910977495e+03
1.375282509564000055e-01 9.042255709554809073e+03 3.082844062468989250e+03
1.425291660598999866e-01 8.526710837110644206e+03 2.894456824348282225e+03
1.475307860077000044e-01 8.022977846203066292e+03 2.733810888311099006e+03
1.525293075038000046e-01 7.541912802262685545e+03 2.601218317704486253e+03
1.575259265390999974e-01 7.105718306908534942e+03 2.476418059955713034e+03
1.625249111703999938e-01 6.716791023736628631e+03 2.356771924991925971e+03
1.675231578217999950e-01 6.380082133662216620e+03 2.229894519478947586e+03
1.725218239391999864e-01 6.088538691013075550e+03 2.107462456997066511e+03
1.775226218843000137e-01 5.832816676576932878e+03 1.992122433666917686e+03
1.825220656595999968e-01 5.600109032335109987e+03 1.877930638557309067e+03
1.875214496148999987e-01 5.383781512871465566e+03 1.763957427068775132e+03
1.925210620332999945e-01 5.171465855493458548e+03 1.669840974460456209e+03
1.975186762926000039e-01 4.961569522173716905e+03 1.584339195021025262e+03
2.025184639252000096e-01 4.754356654870973216e+03 1.501377868902949331e+03
2.075207151263999961e-01 4.548533663701618934e+03 1.433153321222110435e+03
2.125197410007000076e-01 4.351697145525834458e+03 1.375130704645812330e+03
2.175185457799999889e-01 4.165537405901005513e+03 1.318106946903773633e+03
2.225169782054000067e-01 3.988992623245586856e+03 1.262233680698944681e+03
2.275151618002000109e-01 3.825007156259289786e+03 1.207392498225179224e+03
2.325165879791999957e-01 3.677566774655534573e+03 1.148795701007711614e+03
2.375177140464000136e-01 3.542669973582342664e+03 1.090642630807656360e+03
2.425171514881999946e-01 3.412474574363332067e+03 1.035869122567883551e+03
2.475170799452000026e-01 3.290777513411123437e+03 9.813510226023339555e+02
2.525178901933000097e-01 3.176249845253286367e+03 9.264702812799285994e+02
2.575151495583000161e-01 3.064811220469945056e+03 8.794407013942774256e+02
2.625126820536000105e-01 2.961404597016944990e+03 8.331020762710646750e+02
2.675145972290999818e-01 2.856727046267214519e+03 7.938754908890521165e+02
2.725147257209000196e-01 2.753953825088315625e+03 7.575101655697390015e+02
2.775152580224000132e-01 2.656227741469920602e+03 7.219823320303260061e+02
2.825162432094999732e-01 2.564066045248670889e+03 6.877445461939979623e+02
2.875161686596000021e-01 2.475537402316840144e+03 6.530460912183442588e+02
2.925165791473000043e-01 2.390043375298746014e+03 6.207791705361552204e+02
2.975157049148000055e-01 2.310040464067647918e+03 5.925731452073953278e+02
3.025151233953000118e-01 2.233693120295516565e+03 5.641474859710265264e+02
3.075140233943000068e-01 2.161649903111054300e+03 5.337376255630701962e+02
3.125142909702000038e-01 2.091540814430090904e+03 5.041714333091159688e+02
3.175145919806999784e-01 2.024996690722860421e+03 4.753136162658155399e+02
3.225127168011999723e-01 1.959888918643795478e+03 4.498073347750167841e+02
3.275126271164999769e-01 1.897737964446341493e+03 4.234654511644278614e+02
3.325134556279000231e-01 1.838372487218392735e+03 3.997340021603304763e+02
3.375113333313999875e-01 1.780299810046630455e+03 3.779325327530364689e+02
3.425110060386000188e-01 1.723336092857694666e+03 3.590275202856226429e+02
3.475124027263000182e-01 1.668681301584882021e+03 3.382338750473121536e+02
3.525116631611999729e-01 1.616211652125626870e+03 3.149735951720138587e+02
3.575113839637000246e-01 1.565252253234613590e+03 2.973924657215745810e+02
3.625125384223999991e-01 1.517729332838971914e+03 2.800093284417321229e+02
3.675115966720000071e-01 1.470822954878643259e+03 2.638649969538405458e+02
3.725105110517999973e-01 1.426357699127633168e+03 2.457553547990463869e+02
3.775116036144999798e-01 1.382683196426266250e+03 2.295726708885981679e+02
3.825113561055000222e-01 1.340802523568151173e+03 2.134996977369110880e+02
3.875104447055000012e-01 1.300560232403693817e+03 1.998233795816757379e+02
3.925100468164999801e-01 1.261214906500005554e+03 1.850147673735563956e+02
3.975098838785000033e-01 1.222935595931183570e+03 1.702199992561112367e+02
