3.767432086127999943e-03 3.401163222574000247e+04 1.213810293832000070e+03
8.016988326104999840e-03 3.787852650936000282e+04 1.021397904274000030e+04
1.280370524572999914e-02 5.050986117414000182e+04 2.769999896847000127e+04
1.773738374155999983e-02 5.377463042503000179e+04 3.297048739583999850e+04
2.269322387040999950e-02 5.251873902855999768e+04 1.260313434224000048e+04
2.764906419176000121e-02 4.745287289202999818e+04 1.056282113358000061e+04
3.261541754636999857e-02 4.300846947961000114e+04 1.078664186906000032e+04
3.760769902844000173e-02 3.771564405137999711e+04 1.648967090855000060e+04
4.259701508150000315e-02 3.579177476677999948e+04 1.787017032293000011e+04
4.759024427105999766e-02 3.256645931764999841e+04 1.451035583951999979e+04
5.258618407250999910e-02 3.083218069725999885e+04 1.200026140820000001e+04
5.757438631957000064e-02 2.766937151109000115e+04 1.111741642289000083e+04
6.256790606751999606e-02 2.511448051047999979e+04 1.064373792314999992e+04
6.756117623519999893e-02 2.451199348441999973e+04 1.137362712515000021e+04
7.255641117029000553e-02 2.244731209576000037e+04 1.141654795181000009e+04
7.755432516337000537e-02 2.057564193619000071e+04 9.362829111192000710e+03
8.255189263843000502e-02 1.844596828427999935e+04 8.011588212370999827e+03
8.754687289715000487e-02 1.681885249789999943e+04 6.965160087921999548e+03
9.254539482163999520e-02 1.579311810017999960e+04 6.120090234968000004e+03
9.754577762110000494e-02 1.456778951991999929e+04 6.077985923520000142e+03
1.025416633143999973e-01 1.318944931231000010e+04 5.576029389248000371e+03
1.075387018571000025e-01 1.227211988166000083e+04 4.947838827333999689e+03
1.125375463326000053e-01 1.147981120906000069e+04 4.832989697881999746e+03
1.175350704289000042e-01 1.140001606465000077e+04 4.471209234984999966e+03
1.225351474158000026e-01 1.115650027794999914e+04 4.251695393842000158e+03
1.275305189336999878e-01 1.047765968788999999e+04 4.043528101231000164e+03
1.325263510168999959e-01 9.866352682157999880e+03 3.435173861998000120e+03
1.375282509564000055e-01 9.171020039023000209e+03 2.901178918419000183e+03
1.425291660598999866e-01 8.523539741103999404e+03 3.274170212024000193e+03
1.475307860077000044e-01 8.048345918121999603e+03 2.919917600248999861e+03
1.525293075038000046e-01 7.596386112909000076e+03 2.592765337114999966e+03
1.575259265390999974e-01 7.076991464319000443e+03 2.766112479205999989e+03
1.625249111703999938e-01 6.763215798891000304e+03 2.417366209950000211e+03
1.675231578217999950e-01 6.300986305395000272e+03 2.273759627678000015e+03
1.725218239391999864e-01 5.989971296437999627e+03 2.458014638044000094e+03
1.775226218843000137e-01 5.816758285351000268e+03 2.405693206101000214e+03
1.825220656595999968e-01 5.566190812238999570e+03 2.240519394935000037e+03
1.875214496148999987e-01 5.433259249857999748e+03 1.773808825295999895e+03
1.925210620332999945e-01 5.098273424971000168e+03 1.712403914106000002e+03
1.975186762926000039e-01 4.891711410459999570e+03 1.591307148251999934e+03
2.025184639252000096e-01 4.719159554795999611e+03 1.327691575469000099e+03
2.075207151263999961e-01 4.462592136962000041e+03 1.261244093707000047e+03
2.125197410007000076e-01 4.178253168662999997e+03 1.493903683463000107e+03
2.175185457799999889e-01 4.101816888334999931e+03 1.409112010966000071e+03
2.225169782054000067e-01 3.963359120556000107e+03 1.428301757033000058e+03
2.275151618002000109e-01 3.860010513260000153e+03 1.410165564012999994e+03
2.325165879791999957e-01 3.666289459101999910e+03 1.294625923892999936e+03
2.375177140464000136e-01 3.490852241388000039e+03 1.203606527328000084e+03
2.425171514881999946e-01 3.363808107847999963e+03 1.132365907022000101e+03
2.475170799452000026e-01 3.167776399855999898e+03 1.134905128560000094e+03
2.525178901933000097e-01 3.053958167778000188e+03 1.117970213147000095e+03
2.575151495583000161e-01 3.063797529338000004e+03 8.817396134888999768e+02
2.625126820536000105e-01 2.926253488497000035e+03 8.480616020823999861e+02
2.675145972290999818e-01 2.791129503798999849e+03 8.937200879793999775e+02
2.725147257209000196e-01 2.753417627712000012e+03 7.070707565420999572e+02
2.775152580224000132e-01 2.583370008151000093e+03 7.385150856528000531e+02
2.825162432094999732e-01 2.464842438885999854e+03 7.468168591528999514e+02
2.875161686596000021e-01 2.377893027138999969e+03 6.862910090569999966e+02
2.925165791473000043e-01 2.318242131151000194e+03 6.177364381894999497e+02
2.975157049148000055e-01 2.307782115346999944e+03 5.020676626717000204e+02
3.025151233953000118e-01 2.191572996202000013e+03 5.693811213996000333e+02
3.075140233943000068e-01 2.117314807859000211e+03 5.598833397480000258e+02
3.125142909702000038e-01 2.054912702763000198e+03 5.236953069848000268e+02
3.175145919806999784e-01 1.946739973835000001e+03 5.605314891381999587e+02
3.225127168011999723e-01 1.907702980071999946e+03 4.731197936946999789e+02
3.275126271164999769e-01 1.829455564777000063e+03 4.513581983909999735e+02
3.325134556279000231e-01 1.768736114708000059e+03 4.231628348735999907e+02
3.375113333313999875e-01 1.688689985347999936e+03 4.447163729330000024e+02
3.425110060386000188e-01 1.688000006686999996e+03 3.328553125108999780e+02
3.475124027263000182e-01 1.596116475423000111e+03 3.967126169222000271e+02
3.525116631611999729e-01 1.550956739160000097e+03 3.381452323020999984e+02
3.575113839637000246e-01 1.495359843216999934e+03 2.999980549979999864e+02
3.625125384223999991e-01 1.425101016385000094e+03 3.706542950022000014e+02
3.675115966720000071e-01 1.394850765149999916e+03 3.602706709131999787e+02
3.725105110517999973e-01 1.341349968333000106e+03 3.162846523683999749e+02
3.775116036144999798e-01 1.316460279872000001e+03 2.933585349819999806e+02
3.825113561055000222e-01 1.265873309518000042e+03 2.787252380240000207e+02
3.875104447055000012e-01 1.239189373638000006e+03 2.018745731683999907e+02
3.925100468164999801e-01 1.211193359032999979e+03 1.989126967887000035e+02
3.975098838785000033e-01 1.177661227872999916e+03 1.737369334278999986e+02
