3.767432086127999943e-03 5.409825415942999825e+04 1.126308223877999990e+04
8.016988326104999840e-03 4.522248133424000116e+04 1.956542206781999994e+04
1.280370524572999914e-02 4.918245468046000315e+04 1.534984194467999987e+04
1.773738374155999983e-02 5.643866651254000317e+04 1.435676413006000075e+04
2.269322387040999950e-02 5.527491042593999737e+04 1.590292029455999909e+04
2.764906419176000121e-02 4.746341460014000040e+04 1.953797933514000033e+04
3.261541754636999857e-02 4.119734714012000040e+04 1.835771679207999841e+04
3.760769902844000173e-02 3.705977205302999937e+04 1.516749230754000018e+04
4.259701508150000315e-02 3.181212998289000097e+04 1.449974873463999938e+04
4.759024427105999766e-02 2.841755989205000151e+04 1.039005018301999917e+04
5.258618407250999910e-02 2.808495442325000113e+04 1.019286335060000056e+04
5.757438631957000064e-02 2.631058012296000015e+04 1.171456577217999984e+04
6.256790606751999606e-02 2.377097622496999975e+04 9.768265812305000509e+03
6.756117623519999893e-02 2.267493072708000182e+04 7.279488771854000333e+03
7.255641117029000553e-02 2.088078696272999878e+04 8.068831192681000175e+03
7.755432516337000537e-02 1.916882421482000063e+04 8.312497091778999675e+03
8.255189263843000502e-02 1.800097511269000097e+04 7.301175436040999557e+03
8.754687289715000487e-02 1.630946413885999937e+04 6.761987496669999928e+03
9.254539482163999520e-02 1.502481257704000018e+04 6.505838293734000217e+03
9.754577762110000494e-02 1.336801455603999966e+04 5.961090959191000366e+03
1.025416633143999973e-01 1.246837143945999924e+04 5.272255660826999701e+03
1.075387018571000025e-01 1.153507151236000027e+04 5.293266715980000299e+03
1.125375463326000053e-01 1.104334306914000081e+04 4.134432926753000174e+03
1.175350704289000042e-01 1.056517401878000055e+04 4.181772318430000269e+03
1.225351474158000026e-01 9.963143717901999480e+03 4.101030391713999961e+03
1.275305189336999878e-01 9.489148322173999986e+03 3.595337714747000064e+03
1.325263510168999959e-01 9.023079717063999851e+03 3.529100400034999893e+03
1.375282509564000055e-01 8.449585137549000137e+03 3.201911001158000090e+03
1.425291660598999866e-01 7.957314478661000066e+03 3.233842418938999799e+03
1.475307860077000044e-01 7.429647327685999699e+03 2.742531582919999892e+03
1.525293075038000046e-01 6.948511741158999939e+03 2.818088481677999880e+03
1.575259265390999974e-01 6.544718352275000143e+03 2.997303074442999787e+03
1.625249111703999938e-01 6.085415744771000391e+03 2.696579998872000033e+03
1.675231578217999950e-01 5.686610591783999553e+03 2.721996120825000162e+03
1.725218239391999864e-01 5.463721952611000233e+03 2.385307684262999828e+03
1.775226218843000137e-01 5.264717909085999963e+03 2.223646156300999792e+03
1.825220656595999968e-01 5.094583017519000350e+03 2.345647230935000152e+03
1.875214496148999987e-01 4.906606702451000274e+03 2.442823223047999818e+03
1.925210620332999945e-01 4.799004786915999830e+03 2.324683489191999797e+03
1.975186762926000039e-01 4.542750884983999640e+03 2.223159614258000147e+03
2.025184639252000096e-01 4.316772594383000069e+03 1.993140806302000101e+03
2.075207151263999961e-01 4.158414600322000297e+03 2.033329183432000036e+03
2.125197410007000076e-01 3.879636430169000050e+03 2.124921926647999953e+03
2.175185457799999889e-01 3.746796612209000159e+03 1.858027802521000012e+03
2.225169782054000067e-01 3.550593528152000090e+03 1.767281857773999945e+03
2.275151618002000109e-01 3.383880649581999933e+03 1.736576992720999897e+03
2.325165879791999957e-01 3.215767823128000146e+03 1.768259764977000032e+03
2.375177140464000136e-01 3.162094019303000096e+03 1.535485650459999988e+03
2.425171514881999946e-01 2.932141566019000038e+03 1.609977723482000101e+03
2.475170799452000026e-01 2.836339635061000081e+03 1.396423255228000016e+03
2.525178901933000097e-01 2.694864302395999857e+03 1.351000709471999926e+03
2.575151495583000161e-01 2.607431974257000093e+03 1.260384296446999997e+03
2.625126820536000105e-01 2.552413182447000054e+03 1.201533369450999999e+03
2.675145972290999818e-01 2.472833632047999799e+03 1.064655196955000065e+03
2.725147257209000196e-01 2.333892945019999843e+03 1.114962208539999892e+03
2.775152580224000132e-01 2.268406991629999993e+03 9.812705556582000099e+02
2.825162432094999732e-01 2.113173421823999888e+03 1.135099765336000019e+03
2.875161686596000021e-01 2.089308987705000163e+03 1.077772114993000059e+03
2.925165791473000043e-01 1.976469208287999891e+03 9.563106498299999885e+02
2.975157049148000055e-01 1.852102589375999969e+03 9.086732637646000512e+02
3.025151233953000118e-01 1.805099399936000054e+03 9.368322525137000412e+02
3.075140233943000068e-01 1.782985958504000109e+03 8.560930138211999747e+02
3.125142909702000038e-01 1.708285237440999936e+03 9.153589567041000237e+02
3.175145919806999784e-01 1.628545942648999926e+03 9.479089058416000171e+02
3.225127168011999723e-01 1.558395693550000033e+03 8.540666158691000192e+02
3.275126271164999769e-01 1.509013342802999887e+03 8.643641618011999981e+02
3.325134556279000231e-01 1.439423188112999924e+03 9.310274565071000552e+02
3.375113333313999875e-01 1.455807302238999910e+03 7.634105597771999783e+02
3.425110060386000188e-01 1.375444623248999960e+03 8.096247760436000362e+02
3.475124027263000182e-01 1.315732155891000048e+03 7.813676823995000404e+02
3.525116631611999729e-01 1.243363710506999951e+03 7.946720921961000386e+02
3.575113839637000246e-01 1.209759062911000001e+03 7.362924584900999889e+02
3.625125384223999991e-01 1.140845222887000091e+03 7.547725262536999935e+02
3.675115966720000071e-01 1.096453968848999921e+03 6.435204114023000557e+02
3.725105110517999973e-01 1.062274894793999920e+03 6.160956628893000016e+02
3.775116036144999798e-01 1.032334463184000015e+03 6.203128841645999501e+02
3.825113561055000222e-01 9.708887996518000136e+02 5.708808144391000496e+02
3.875104447055000012e-01 9.745575823745000434e+02 5.043520919724999771e+02
3.925100468164999801e-01 8.940794137888000250e+02 6.041996645235999495e+02
3.975098838785000033e-01 8.791936407867000298e+02 4.991573526711999875e+02
