3.767432086127999943e-03 3.826962370850000298e+04 -6.120960607418999643e+03
8.016988326104999840e-03 5.947491985389000183e+04 -9.117630495190000147e+03
1.280370524572999914e-02 6.230083089412000118e+04 1.007441339752999920e+04
1.773738374155999983e-02 5.675682761067999672e+04 2.174608137925000119e+04
2.269322387040999950e-02 5.395996679697000218e+04 2.717447961913000108e+04
2.764906419176000121e-02 4.878808278922000318e+04 2.695614483955000105e+04
3.261541754636999857e-02 4.709856342225000117e+04 1.907466026780999891e+04
3.760769902844000173e-02 3.893863635598000110e+04 2.050454228089000026e+04
4.259701508150000315e-02 3.422597421562999807e+04 1.641795086974000151e+04
4.759024427105999766e-02 3.132159677908999947e+04 1.385508331861000079e+04
5.258618407250999910e-02 2.948759476124000139e+04 1.043879854501999944e+04
5.757438631957000064e-02 2.666778740518999984e+04 1.044739725628999986e+04
6.256790606751999606e-02 2.450992166818999976e+04 1.100750004040999920e+04
6.756117623519999893e-02 2.391252081647999876e+04 9.394215777682000407e+03
7.255641117029000553e-02 2.250253775049999967e+04 9.023437494182999217e+03
7.755432516337000537e-02 2.055048751415999868e+04 8.652266623098999844e+03
8.255189263843000502e-02 1.883972311862000061e+04 6.868850832109999828e+03
8.754687289715000487e-02 1.698445696673999919e+04 6.607547130687999925e+03
9.254539482163999520e-02 1.550652055137999923e+04 6.922084369076000257e+03
9.754577762110000494e-02 1.427319870966999952e+04 6.840299185023999598e+03
1.025416633143999973e-01 1.348300079146999997e+04 6.250335410691999641e+03
1.075387018571000025e-01 1.269400246417000017e+04 5.190150757909000276e+03
1.125375463326000053e-01 1.198349466985000072e+04 4.604171391521000260e+03
1.175350704289000042e-01 1.153655884146000062e+04 4.348647887422000167e+03
1.225351474158000026e-01 1.106781433192999975e+04 3.935789461388999825e+03
1.275305189336999878e-01 1.035551577696999993e+04 3.605636360892000084e+03
1.325263510168999959e-01 9.705968818453000495e+03 3.617929296510999848e+03
1.375282509564000055e-01 9.077573157947999789e+03 3.384763033074999839e+03
1.425291660598999866e-01 8.411817372973999227e+03 3.149809733274999871e+03
1.475307860077000044e-01 7.727914323341999989e+03 3.247238225808000152e+03
1.525293075038000046e-01 7.334455152941000051e+03 2.809281824148999931e+03
1.575259265390999974e-01 6.921732513846999609e+03 2.645185301599000013e+03
1.625249111703999938e-01 6.695620653846999630e+03 2.353263485161000062e+03
1.675231578217999950e-01 6.432105146822999814e+03 2.213137666316999912e+03
1.725218239391999864e-01 6.120794986107999648e+03 2.022203111802999956e+03
1.775226218843000137e-01 5.731953520549000132e+03 2.136547344374000204e+03
1.825220656595999968e-01 5.534069413672000337e+03 2.135908802904999902e+03
1.875214496148999987e-01 5.348961045840999759e+03 1.966707999480999888e+03
1.925210620332999945e-01 5.123617719079999915e+03 1.746699159275000056e+03
1.975186762926000039e-01 4.913866142310000214e+03 1.517396579179999890e+03
2.025184639252000096e-01 4.688542798829000276e+03 1.645066796249999925e+03
2.075207151263999961e-01 4.467989647184999740e+03 1.775202638126000011e+03
2.125197410007000076e-01 4.263651515262999965e+03 1.623465453811000089e+03
2.175185457799999889e-01 4.120320449976000418e+03 1.555918776250000064e+03
2.225169782054000067e-01 3.983018794682000134e+03 1.499434980027999927e+03
2.275151618002000109e-01 3.725081057344999863e+03 1.473025380807999909e+03
2.325165879791999957e-01 3.569193619891999788e+03 1.436027044920999970e+03
2.375177140464000136e-01 3.431210675192000053e+03 1.419636068017000071e+03
2.425171514881999946e-01 3.364923804638000092e+03 1.292167061483999987e+03
2.475170799452000026e-01 3.225855674278000151e+03 1.203636285605000012e+03
2.525178901933000097e-01 3.059786876090000078e+03 1.090477673077999953e+03
2.575151495583000161e-01 2.855735673367999880e+03 1.103464265551999915e+03
2.625126820536000105e-01 2.802884963423000045e+03 9.976754691070000263e+02
2.675145972290999818e-01 2.766951051688999996e+03 9.179624376647000190e+02
2.725147257209000196e-01 2.603241411944999982e+03 1.036184929704000069e+03
2.775152580224000132e-01 2.479520917993999774e+03 9.721376086482999881e+02
2.825162432094999732e-01 2.374687169070999971e+03 9.363959120063000228e+02
2.875161686596000021e-01 2.338533274009999786e+03 8.655035562927999990e+02
2.925165791473000043e-01 2.243093376312000146e+03 8.452468369719000520e+02
2.975157049148000055e-01 2.150987281374999839e+03 7.378896037749999550e+02
3.025151233953000118e-01 2.043901355513999988e+03 7.760935470701999748e+02
3.075140233943000068e-01 1.981629877820000047e+03 8.149844796462000431e+02
3.125142909702000038e-01 1.960608086047999905e+03 6.982740984775000470e+02
3.175145919806999784e-01 1.896974808640999981e+03 5.789224198709999882e+02
3.225127168011999723e-01 1.795109703079999917e+03 6.168583867580999822e+02
3.275126271164999769e-01 1.715736704897999971e+03 6.339391530274000388e+02
3.325134556279000231e-01 1.654275601172000052e+03 5.988230523812000001e+02
3.375113333313999875e-01 1.603400644795000062e+03 5.799161350419999508e+02
3.425110060386000188e-01 1.550502923629999941e+03 5.212089553053000373e+02
3.475124027263000182e-01 1.475685207773999991e+03 5.505702810609999460e+02
3.525116631611999729e-01 1.441167771033999998e+03 6.084631135854999684e+02
3.575113839637000246e-01 1.436062574002000019e+03 5.316733780739000395e+02
3.625125384223999991e-01 1.379451209408000068e+03 4.792188608098999794e+02
3.675115966720000071e-01 1.326848546500000111e+03 4.710669920779999984e+02
3.725105110517999973e-01 1.269136203611999917e+03 5.253022743451000451e+02
3.775116036144999798e-01 1.218923524005999980e+03 4.923553337499999998e+02
3.825113561055000222e-01 1.182848736758000086e+03 4.237208057766999900e+02
3.875104447055000012e-01 1.151657975605000047e+03 4.179828626972999928e+02
3.925100468164999801e-01 1.113053613350999967e+03 4.582055307989999733e+02
3.975098838785000033e-01 1.064330265796000049e+03 4.483387911084000166e+02
