3.741766143509999993e-03 2.364057023412000126e+04 -1.705607755335999900e+04
8.026467982975999879e-03 3.092537694533999820e+04 3.252108657784000115e+03
1.283158345053999998e-02 3.443266466622000007e+04 3.180302903688999777e+03
1.774001919231999944e-02 3.492388280113999645e+04 1.191877086315999986e+04
2.267789108600000089e-02 3.040187282888000118e+04 1.392641945850000047e+04
2.764481910499000036e-02 3.079058224784000049e+04 1.538179382893000002e+04
3.262649723840999744e-02 2.662680923995999910e+04 1.252391140305000044e+04
3.761215918911999662e-02 2.505895487249999860e+04 1.509713361957999950e+04
4.259809133872000109e-02 2.063284557299999869e+04 8.118721662824999839e+03
4.758557102342000217e-02 1.911469745309000064e+04 9.479722628330999214e+03
5.257921785617000049e-02 1.777525816941000085e+04 8.201716323456999817e+03
5.757375797191000011e-02 1.757976961209000001e+04 7.456507273803999851e+03
6.256789463450999900e-02 1.589469764306000070e+04 8.252740550132000863e+03
6.756291898265999463e-02 1.431115936732999944e+04 7.852443056021999837e+03
7.255786240528000475e-02 1.372975479832000019e+04 5.792894155320999744e+03
7.755340776062000230e-02 1.252139527667999937e+04 4.772769911073000003e+03
8.255288188574000374e-02 1.143454489321999972e+04 5.224389052491999792e+03
8.755116151312999917e-02 1.003954322219999995e+04 5.197946502183999655e+03
9.254504852028000439e-02 9.497630448883999634e+03 4.246929905660999793e+03
9.754070777258999625e-02 8.345037371128999439e+03 4.335964931356000307e+03
1.025400239763999966e-01 7.597865183822999825e+03 3.311680767070000002e+03
1.075396636853000049e-01 6.897820805160000418e+03 3.815934660967000127e+03
1.125361791505000014e-01 6.544447716181999567e+03 3.201409113996000087e+03
1.175354846354000060e-01 6.165736056531000031e+03 2.395989885110000159e+03
1.225353989639000052e-01 6.054802878094000334e+03 2.925415071009999792e+03
1.275323205234999979e-01 5.451798096593999617e+03 2.024192197086000078e+03
1.325302991016999998e-01 5.251409300397000152e+03 2.348424416706000102e+03
1.375294652678999974e-01 4.792063066337999771e+03 2.192179606127000170e+03
1.425292207007000100e-01 4.550947215602000142e+03 1.761754561059000025e+03
1.475282583823999960e-01 4.302082607491000090e+03 1.352604276800999969e+03
1.525268443519000039e-01 3.684370666065000023e+03 1.823565741438000032e+03
1.575268367776999912e-01 3.457765064069999880e+03 1.428749122856999975e+03
1.625262903778000034e-01 3.240365580519000105e+03 1.172689251881000018e+03
1.675243458441000033e-01 3.206141857955999967e+03 1.582945554813999934e+03
1.725233685462000122e-01 2.741726304055000128e+03 1.084352621814000031e+03
1.775229006344999916e-01 2.550891025110000101e+03 7.008000779699999612e+02
1.825224146582999918e-01 2.780810749948000193e+03 9.171075565807999510e+02
1.875216471248999928e-01 2.434673473752000064e+03 8.587445446842999672e+02
1.925212517285999902e-01 2.297959202912999899e+03 6.497191830478999464e+02
1.975217946929999913e-01 1.976336210824000091e+03 7.129590408967000030e+02
2.025206592001999872e-01 2.033318230295999911e+03 9.810078067851000014e+02
2.075195617435000028e-01 1.986485662421999905e+03 7.597658208218999789e+02
2.125193055758000105e-01 1.913606045214999995e+03 7.482687933907000115e+02
2.175193568350000106e-01 1.603465825470000027e+03 7.843491422171000522e+02
2.225189808291999916e-01 1.568177750844999991e+03 6.309920821627999885e+02
2.275180348391999952e-01 1.449407896568000069e+03 5.608461292501999651e+02
2.325180066578000082e-01 1.471018307661000108e+03 5.233144275112000514e+02
2.375180096546999908e-01 1.475607810451999967e+03 5.405063610065999455e+02
2.425169440627999995e-01 1.326740236472000106e+03 6.569680807641999536e+02
2.475163774431999864e-01 1.257940571199000033e+03 7.771778552038000498e+02
2.525166183090000183e-01 1.165554788551999991e+03 4.721903150884999718e+02
2.575161063486000046e-01 1.087756017780000093e+03 4.717914767908999920e+02
2.625151514156999766e-01 1.020735525854999992e+03 2.113740430324999977e+02
2.675152766100999946e-01 1.030585978148000095e+03 4.695728639818000261e+02
2.725153764107999810e-01 9.222458549164000488e+02 4.641545852968999952e+02
2.775147194581000232e-01 9.103860418215000436e+02 3.110628767983999978e+02
2.825144045533000137e-01 8.489547578937999788e+02 4.646795677810000029e+02
2.875143415627000043e-01 7.960885110269999814e+02 4.830961429364999731e+02
2.925140417118999858e-01 7.629062479719999601e+02 2.142435632694999867e+02
2.975134689500000262e-01 7.437358589827999822e+02 4.049658745015000250e+02
3.025134363704000129e-01 6.712317489739999701e+02 5.469873929857000121e+02
3.075140181127000161e-01 5.168819558937000238e+02 2.538968666181999936e+02
3.125140361929999999e-01 5.007220913706000260e+02 5.856857318185000167e+02
3.175136423025000099e-01 7.080390366154999811e+02 3.910814005673000224e+02
3.225131566869999800e-01 6.204541737260999525e+02 3.612677863057999730e+02
3.275124735234000162e-01 5.123177523335000387e+02 4.056057420395999884e+02
3.325126379896000128e-01 4.616428056216000186e+02 5.072487744422999754e+02
3.375124214922999855e-01 4.564018545622000147e+02 4.062708843231000060e+02
3.425118926737000247e-01 4.661819405879999749e+02 2.516390161914999908e+02
3.475118096697000225e-01 4.648416262001999826e+02 4.101841318868999906e+02
3.525122106681000123e-01 4.510785720681000157e+02 2.901823839382000187e+02
3.575125097651000172e-01 3.786415221029999998e+02 3.423127260658999944e+02
3.625117942196999787e-01 2.491140316528000085e+02 3.169155509975000200e+02
3.675112026173000257e-01 3.897222932894999872e+02 2.092014561555999990e+02
3.725113858672000067e-01 2.782593032984000274e+02 9.084599580172999822e+01
3.775114694278999816e-01 2.426594972924000047e+02 4.811634344970000257e+02
3.825111079374000078e-01 2.888043492812000181e+02 3.612015591063999977e+02
3.875110339605999932e-01 2.470032532326999899e+02 3.205526667152000186e+02
3.925106451172999944e-01 2.566073320683000247e+02 3.575325227317999861e+02
3.975102882811999971e-01 1.846953512796999917e+02 3.966820271778000233e+02
