2.987265211071000071e+00 2.501622448933999987e+00
6.422232628313000014e+00 1.059987988687000060e+00
1.025843088158000072e+01 5.264515289968000333e-01
1.418523322643000029e+01 3.034714002694999802e-01
1.814387571198999893e+01 1.913148425909000083e-01
2.211754281753999862e+01 1.264650736344999915e-01
2.609934835573999834e+01 9.224686174144999806e-02
3.008583072409999914e+01 6.197861676312999696e-02
3.407545032566000032e+01 4.196891253888999918e-02
3.806741429513999719e+01 3.145578683125999780e-02
4.206078932887999855e+01 2.414612878724000170e-02
4.605540612861999961e+01 1.454188929823999922e-02
5.005090238921999912e+01 1.162733880361000068e-02
5.404702255056999860e+01 8.019136006245000670e-03
5.804368758684999818e+01 7.030524908627999899e-03
6.204083158321999747e+01 3.930440914382000127e-03
6.603828014945999314e+01 4.752666920138999725e-03
7.003597471576000544e+01 2.236441400399000017e-03
7.403400232028999994e+01 2.429414860599000015e-03
7.803217689862999862e+01 1.785434916070999896e-03
8.203061103247999597e+01 3.415995311073000053e-04
8.602918801175999874e+01 6.738475485731999825e-04
9.002779700102999527e+01 2.785574316952000098e-03
9.402657524472999739e+01 1.417727950000000027e-03
9.802548012770999719e+01 3.167010999774000184e-03
1.020244454917999946e+02 1.282587870823000045e-03
1.060234341593999972e+02 1.472032104795000006e-03
1.100225607994999990e+02 1.547814217593000046e-03
1.140217075962000024e+02 1.423780292580000082e-03
1.180210061233999994e+02 1.677284334978000114e-04
1.220202945281999973e+02 6.696626564948000501e-04
1.260196296488000058e+02 -3.206173206767999845e-04
1.300189998879000086e+02 -6.766960648773999616e-04
1.340184253822999949e+02 7.663078904537999495e-05
1.380179210309999860e+02 -4.161663983999999879e-04
1.420174009890000093e+02 -4.248332977642000187e-04
1.460169080750000035e+02 -5.335657055413999938e-04
1.500164705688999902e+02 -1.048175820672999975e-03
1.540160179464000123e+02 -2.803846874228000161e-05
1.580156385042000124e+02 -1.224249299984000051e-04
1.620152562874000068e+02 -2.480351076944000213e-04
1.660149189619999959e+02 -5.278002579468999865e-04
1.700145529749999866e+02 -2.711072900547999804e-04
1.740141993565999883e+02 -5.983777852529999740e-04
1.780138867109999978e+02 -6.182251688487000203e-04
1.820135701284000049e+02 3.865581264026999876e-05
1.860132951555999909e+02 1.262199045925000058e-04
1.900130106192999904e+02 -3.560442079555000100e-04
1.940127347131000022e+02 -4.557217107849999998e-04
1.980124628906000055e+02 -4.485832528273000141e-04
