2.986247535442000167e+00 4.877468528268000370e+00 2.460851945863999912e+00
6.419736292661999855e+00 1.745202966904999986e+00 3.693459128675999903e-01
1.025605321299000039e+01 8.219116809401999513e-01 -1.803275147286000080e-02
1.418239470225999987e+01 4.758780724578999810e-01 -9.785030280615999998e-02
1.814128233245000033e+01 3.010374452794000177e-01 -1.060908607248000068e-01
2.211490087258000159e+01 2.034199743217000034e-01 -9.493005698787000679e-02
2.609657424490000110e+01 1.395815315879999907e-01 -8.789979315604000421e-02
3.008345098343999879e+01 9.779959144762000178e-02 -7.888017396372999646e-02
3.407328980898999760e+01 6.864946531349999659e-02 -6.390291826661000096e-02
3.806520358157000317e+01 4.928425370648999854e-02 -5.771239264539999858e-02
4.205863419493000066e+01 3.676135243236999806e-02 -4.884971161444000287e-02
4.605319785812000077e+01 2.791610958883000010e-02 -4.003280335856999883e-02
5.004859463223999683e+01 2.216329602497999970e-02 -3.941692247582000153e-02
5.404473436944999776e+01 1.660905592816000129e-02 -3.279793267991999717e-02
5.804151797387000045e+01 1.220293088051999965e-02 -3.096838135699999869e-02
6.203874809460999984e+01 9.488858159041000176e-03 -2.419650868365999866e-02
6.603643421089999777e+01 6.633098874942000393e-03 -2.094523232415999858e-02
7.003432458433999841e+01 4.113260703847000307e-03 -1.904993832096999948e-02
7.403248022868000078e+01 3.018219088047999817e-03 -1.564822208957000055e-02
7.803079355007000117e+01 8.035577613483000422e-04 -1.167614934764000037e-02
8.202921067209000228e+01 -2.967045791127999885e-04 -1.023851338391000045e-02
8.602772560657000156e+01 1.550248130426000134e-04 -1.051519307896999975e-02
9.002631010340999751e+01 6.828276174754000210e-04 -7.765504768802999891e-03
9.402502666910000073e+01 1.362381162539000020e-03 -7.124534265115000341e-03
9.802378705742999898e+01 2.620528572811000028e-03 -5.598142756476000292e-03
1.020226773067000039e+02 2.893805020027999820e-03 -3.900344335888999807e-03
1.060216859471999982e+02 2.906231075656000133e-03 -2.065167680957000120e-03
1.100207326220999988e+02 2.131954730615000064e-03 -8.107106738187999867e-04
1.140198443491999996e+02 1.263993359798999986e-03 -8.987185414390999995e-04
1.180189950286000027e+02 1.132731696855000022e-03 -1.646499561212000102e-03
1.220182515710999951e+02 -3.376381079561999914e-04 -2.041815089757999854e-03
1.260175317200999956e+02 -1.171322241591000058e-03 -1.665575563112000040e-03
1.300168415987000117e+02 -8.378939478163999460e-04 -2.156588859002999889e-03
1.340162327582999922e+02 -1.162291146574000091e-03 -3.024079531903999842e-03
1.380156442290000030e+02 -1.321613084230000056e-03 -2.199174550184999910e-03
1.420151107021999906e+02 -1.171651109213000088e-03 -2.768665847332000152e-03
1.460145629026000051e+02 -6.736316185417999753e-04 -3.108354100948000198e-03
1.500140779168000051e+02 -4.636577998044999959e-04 -1.310439022467999948e-03
1.540136243503000060e+02 -6.565557596417999483e-04 -1.892051521314999912e-03
1.580131550328000003e+02 -3.093169007688000081e-04 -8.457558059550999768e-04
1.620127587585000128e+02 -2.470868169769999795e-04 -4.963518129784999684e-04
1.660123350115999870e+02 -7.049053801952000578e-05 -5.083877988580000513e-04
1.700119424092999907e+02 -4.389287759596999738e-04 -9.711888130181999630e-04
1.740115614343000061e+02 -9.216417633231999574e-04 -1.054106256444999968e-03
1.780111786873000028e+02 -1.298939565011000049e-03 -1.108107208919999892e-03
1.820108251949000078e+02 -1.431131928111999997e-03 -8.837533402836000515e-04
1.860104772127000103e+02 -1.127155951647000045e-03 -1.125268424949999900e-03
1.900101417555000012e+02 -1.513765182648999907e-03 -8.176590655007000101e-04
1.940098476002999917e+02 -1.068898393270000099e-03 -1.240062242960999952e-03
1.980095453053000085e+02 -7.791162774280000055e-04 -1.535271633296000004e-03
