2.211541093294000149e+01 1.975035289826000129e-01 -9.286958871436000462e-02
2.609716774409000095e+01 1.343419105953999881e-01 -7.891597847794999676e-02
3.008365140264000104e+01 9.522022683224000417e-02 -7.081084307422999546e-02
3.407338292226000220e+01 6.914371508161999691e-02 -6.318939999599000601e-02
3.806530904355999922e+01 5.038611823398000261e-02 -5.295443501384999863e-02
4.205886203221000130e+01 3.821125432670999938e-02 -4.610031449260999781e-02
4.605355682225000180e+01 2.809881256160999888e-02 -3.952927460741999938e-02
5.004892593974999926e+01 2.279720214941000078e-02 -3.578418659798000140e-02
5.404508805006999950e+01 1.670241781672000131e-02 -3.027217757193000069e-02
5.804161635202000014e+01 1.394783371249000078e-02 -2.567415630563999948e-02
6.203871731616000318e+01 1.150349764803999981e-02 -2.327139601725999873e-02
6.603611667613999714e+01 9.264801341304000279e-03 -1.958045789932999839e-02
7.003388602514000638e+01 7.280505605998999728e-03 -1.693111751674999943e-02
7.403185061540999357e+01 5.400866202146000286e-03 -1.636796628715999832e-02
7.803014366613000163e+01 4.158697458956000202e-03 -1.599520618864000085e-02
8.202854436219999457e+01 2.919776027102000127e-03 -1.273178082273000028e-02
8.602717987591999815e+01 2.166105596830000118e-03 -1.168799878243999973e-02
9.002601017944999739e+01 2.605791788882000186e-03 -1.046196196301000039e-02
9.402490969267999787e+01 3.261698031761000021e-03 -8.214780721187000395e-03
9.802388458787000047e+01 3.643411518784999813e-03 -8.832254950368999963e-03
1.020229322913999965e+02 3.833621596705999880e-03 -7.196053433465000003e-03
1.060219962385999963e+02 3.691176896219000060e-03 -7.372766495903000303e-03
1.100210867873000069e+02 3.639077840053999997e-03 -7.082772896663000126e-03
1.140202074145000068e+02 2.282099976148999846e-03 -7.133321266991000248e-03
1.180193645371000031e+02 1.262576839842999895e-03 -6.430223687264999786e-03
1.220185957207000058e+02 -3.177258685577000034e-05 -7.983590289162999579e-03
1.260178523789000025e+02 -5.806527069239000296e-04 -6.376859414369000396e-03
1.300171742061000089e+02 -8.268135835100000027e-04 -5.931851656095999716e-03
1.340165254871999991e+02 -1.320689844186000075e-03 -5.422038260664999686e-03
1.380159190738999939e+02 -1.174313442506999972e-03 -4.935555948465999640e-03
1.420153374552000116e+02 -1.288275983899000001e-03 -4.086707134980999655e-03
1.460147815038999966e+02 -1.793468012351999950e-03 -4.635212934854000301e-03
1.500142924763999872e+02 -1.377146734269000085e-03 -4.770967420531999938e-03
1.540137887367000076e+02 -1.312462521075999974e-03 -3.819459907053999927e-03
1.580132922068000028e+02 -1.062115599330000102e-03 -4.089056390553000297e-03
1.620128808435999872e+02 -8.939650506798999842e-04 -4.169063295135999603e-03
1.660124542073000100e+02 -4.714601625331999953e-04 -3.212726391169999987e-03
1.700120651759000054e+02 -3.730783347245999744e-04 -3.108822339292000112e-03
1.740116755066999872e+02 -2.046405710941000082e-04 -2.789373878977000065e-03
1.780113275015999932e+02 -2.923456385090999836e-05 -2.114441305708000037e-03
1.820109885482999914e+02 -3.306999472460000079e-04 -1.329534348352999929e-03
1.860106527064999966e+02 -2.626786602837000249e-04 -5.008070277699999814e-04
1.900103552287999946e+02 -1.655590257414999876e-04 -1.261650285913000046e-04
1.940100458196000091e+02 -3.968533968929999819e-04 -1.435811000195999900e-04
1.980097725537999906e+02 -3.064179729495999731e-04 3.304383080352000048e-04
