2.982077130783999941e+00 4.663580719389000429e+00 2.052045962950999947e+00
6.420190156232999712e+00 1.720722320773000025e+00 3.006351317304000181e-01
1.025762513729000069e+01 7.957983068139999894e-01 -6.406146094433000371e-02
1.418445309180000002e+01 4.519616042815999823e-01 -1.195827438018999961e-01
1.814315117507999986e+01 2.816287011538999852e-01 -1.154085707822000012e-01
2.211675525659000030e+01 1.850583476744999956e-01 -1.001670881941000013e-01
2.609821708580000177e+01 1.267240880962000049e-01 -8.443378883874999574e-02
3.008489648217999957e+01 8.747369824695999663e-02 -7.147585265179999536e-02
3.407447500162000154e+01 6.197209316773000243e-02 -5.949826746880999828e-02
3.806642511946999718e+01 4.548085007386999667e-02 -4.733954943162999723e-02
4.205980667080999780e+01 3.454455536763999940e-02 -4.149803868317999966e-02
4.605437855547999959e+01 2.658688179032000012e-02 -3.558372126782000100e-02
5.004983280513999944e+01 1.953557835296999834e-02 -3.228054876744999857e-02
5.404600400742999966e+01 1.589482680757000124e-02 -2.673052301599999903e-02
5.804271697392000107e+01 1.316933599977000019e-02 -2.142637213653000167e-02
6.203980707165000297e+01 1.014519057229000022e-02 -1.821206081398000012e-02
6.603719285745999912e+01 7.974426566785000614e-03 -1.491587619110999914e-02
7.003488860385000692e+01 5.984888061379999881e-03 -1.469596081928000071e-02
7.403277991285000326e+01 5.085178031481000192e-03 -1.368398974473000046e-02
7.803101514793000604e+01 3.326803228220999963e-03 -1.151641999410000020e-02
8.202929378701999497e+01 1.939547025662999953e-03 -1.036784913617000078e-02
8.602778331254999955e+01 2.484527314315000072e-03 -9.754241855963999633e-03
9.002647764965999500e+01 2.706693013689000053e-03 -6.858423209477999827e-03
9.402524957395000627e+01 3.840799747557000019e-03 -6.857128273822000325e-03
9.802412974620999364e+01 4.772003490589000335e-03 -6.803942610664999793e-03
1.020231617502000034e+02 4.072378902748000247e-03 -5.113958587697999686e-03
1.060222610096000011e+02 3.881141655443000067e-03 -4.573233221050999886e-03
1.100214513276000048e+02 2.393162360386000016e-03 -5.281847385488000132e-03
1.140207179587000041e+02 2.013739307390999874e-03 -4.768761835457000289e-03
1.180200294519000010e+02 6.061744854973000370e-04 -4.345404994413999689e-03
1.220193067340999988e+02 3.349599709627999787e-04 -5.028854235085000214e-03
1.260187097084999976e+02 -3.515757637406000265e-04 -4.002895683599999761e-03
1.300180623143000105e+02 -7.905831708369000493e-04 -3.676449174125000045e-03
1.340174467799000126e+02 -3.876738461197000202e-04 -2.707653918125000041e-03
1.380168495647000100e+02 -9.298788738539999878e-04 -2.210441534121000088e-03
1.420162630455000112e+02 -7.412947969376999487e-04 -2.616010942711000185e-03
1.460157286317000001e+02 -6.536244573398000387e-04 -2.781651269638999932e-03
1.500152018240999894e+02 -5.735703556894000514e-04 -2.718316777226999909e-03
1.540147009691000051e+02 -1.411767601470999929e-03 -1.644830748555000006e-03
1.580142234431999952e+02 -7.800906928714000047e-04 -1.281798819683000086e-03
1.620138016553999876e+02 -1.053063450790999930e-03 -1.242872451780000029e-03
1.660133475863999877e+02 -7.118162400721999563e-04 -2.077474667339999827e-03
1.700129498148999971e+02 -4.806060991147000213e-04 -1.333609570100999968e-03
1.740125749073000065e+02 -1.027249968411000089e-03 -1.211688412836000022e-03
1.780121862819000000e+02 -1.072707447132999897e-03 -1.991955420784000206e-03
1.820118330344000128e+02 -9.519362440747999908e-04 -1.924946734416999950e-03
1.860114916100000073e+02 -1.146126926292999901e-03 -1.340869897118999923e-03
1.900111918355000000e+02 -1.463008190980000060e-03 -1.036809033082999962e-03
1.940108527623999919e+02 -1.260528584807999895e-03 -1.215643848360000064e-03
1.980105633676000139e+02 -6.712103326814999622e-04 -5.385842082891999531e-04
