2.985867017481000030e+00 1.757051627845999997e+00 3.234843333342000138e-01
6.422924345384999789e+00 6.165115280210999860e-01 -1.684571511548000056e-01
1.025897335512999931e+01 3.086659231609000242e-01 -1.351487000637000002e-01
1.418567643457999949e+01 1.784922172429999898e-01 -9.919903507869999582e-02
1.814440250720999970e+01 1.063736883374999942e-01 -8.347703680562999773e-02
2.211777117195000031e+01 6.572918781922999776e-02 -7.213540638715000564e-02
2.609942150938000083e+01 3.906269834650000217e-02 -5.849947825849000083e-02
3.008583355160000039e+01 2.477450066158999945e-02 -4.900961535987000128e-02
3.407543965954000242e+01 1.827793861911999884e-02 -3.902020200097999769e-02
3.806732230304000097e+01 1.350338632531000033e-02 -3.021814107157000037e-02
4.206067755779999828e+01 1.107703988235999963e-02 -2.476816796822000136e-02
4.605535381776999770e+01 8.147088084251999721e-03 -2.045709959921999943e-02
5.005067040050000315e+01 6.506193931762999615e-03 -1.624042018894000100e-02
5.404676030817000054e+01 5.512235159968999730e-03 -1.461966403625999944e-02
5.804339241724999710e+01 4.514298720763999621e-03 -1.117357096652000018e-02
6.204038887096000110e+01 3.089839244152999941e-03 -9.748119023307999162e-03
6.603795085436000534e+01 1.806178929654999980e-03 -8.390648793053000556e-03
7.003563358465000022e+01 1.408212912484999935e-03 -8.164077070038000192e-03
7.403365801914000599e+01 1.569458908463999911e-03 -7.576168755636000264e-03
7.803178606276999574e+01 1.069581096972999947e-03 -5.530329083590000000e-03
8.203011567184999819e+01 4.242097126865999922e-04 -5.857794306528999601e-03
8.602860991318000572e+01 9.040210306226999833e-04 -4.242334829112999993e-03
9.002720094663000339e+01 8.795375917642000389e-04 -4.458255654953000198e-03
9.402590251296000190e+01 1.813086188541999932e-03 -3.870913528155999969e-03
9.802472364247999792e+01 1.664913899269999898e-03 -2.729105196283999803e-03
1.020236392907000038e+02 1.667503318529999987e-03 -1.674807406921999947e-03
1.060226989069000041e+02 1.935465372588999946e-03 -2.602657539383000044e-03
1.100217738158000031e+02 1.469664934800999929e-03 -2.099640925103000121e-03
1.140209123437000045e+02 1.055020852347999952e-03 -1.654188236734000037e-03
1.180201564168000061e+02 6.783270871015000024e-04 -1.641789586900000006e-03
1.220194263515000017e+02 6.234461155068000277e-04 -2.484866714007999931e-03
1.260187792814000005e+02 -7.805554364086999931e-06 -2.675032262848999875e-03
1.300181232214999909e+02 -8.003091001591000327e-05 -1.300901853413999982e-03
1.340175866424000048e+02 1.652254207786999873e-04 -2.050004257701000098e-03
1.380170214810000004e+02 -1.751219525818000129e-04 -1.747040097955000065e-03
1.420165131020999922e+02 -1.169225984212000067e-04 -1.593264147958999922e-03
1.460160376647999954e+02 1.230293865342999872e-04 -1.399199417276000054e-03
1.500156066270000110e+02 6.698088755723999646e-05 -1.780848900993000066e-03
1.540151722075000009e+02 -2.803188130247000017e-05 -1.849753564220999987e-03
1.580147789897000052e+02 3.482468357339000116e-05 -1.043497433059999971e-03
1.620143721615999937e+02 4.356989428351000200e-04 -1.628563181331999952e-03
1.660139581507999935e+02 2.252339918658999903e-04 -1.596425047554000075e-03
1.700135967033000099e+02 1.632001599233000083e-04 -1.431848825545999938e-03
1.740132269032999943e+02 -1.620551417604999920e-04 -1.183281259936000028e-03
1.780128569777999985e+02 -3.062079229614999968e-04 -1.202370769805999893e-03
1.820125171155999908e+02 1.645264505180000115e-04 -1.302719407092000009e-03
1.860121707067999921e+02 1.792395999592999965e-04 -1.084922642783999955e-03
1.900118745501999911e+02 4.237765976407000066e-04 -8.770048074699999564e-04
1.940115558701000111e+02 3.910331228546999865e-04 -1.130166659881999894e-03
1.980112558779999858e+02 2.539690525260999998e-04 -9.770367539970999191e-04
