2.990378540920000106e+00 4.740986401764000213e+00
6.417365912978000075e+00 1.706809573514999956e+00
1.025290099218999984e+01 8.239591423922000279e-01
1.417997382162000086e+01 4.817542920667999828e-01
1.813919014261000129e+01 3.058311389880000175e-01
2.211335491467000125e+01 2.008163434257999869e-01
2.609543018679000070e+01 1.378689511339999951e-01
3.008219900527999968e+01 9.951676395120000185e-02
3.407197727057000236e+01 7.082259862893000579e-02
3.806411991195999889e+01 5.059925995566000312e-02
4.205788190306999752e+01 3.934069278617000065e-02
4.605269493579000084e+01 2.937722185387000098e-02
5.004840531752999766e+01 2.287301373822999903e-02
5.404478022135999993e+01 1.778817119397000171e-02
5.804156555475000090e+01 1.450139083520999954e-02
6.203864587529999852e+01 1.200263432925999935e-02
6.603600243395999314e+01 9.323701463112999549e-03
7.003369781201999444e+01 5.985115938751999799e-03
7.403160332871999572e+01 4.492474813059000108e-03
7.802978004806999479e+01 3.452170822776000174e-03
8.202813440186000093e+01 2.952223172244999860e-03
8.602661114797000153e+01 2.900557177098000115e-03
9.002525572986999691e+01 1.550207715070000018e-03
9.402400326925000229e+01 2.849366073754999815e-03
9.802286505389000126e+01 3.108961068456999981e-03
1.020217868966999930e+02 3.038983419579999960e-03
1.060208234148000059e+02 2.816210634199999788e-03
1.100199360220999978e+02 2.612792778519999835e-03
1.140190855801999987e+02 1.322590353965999964e-03
1.180182906248000023e+02 -1.712392530140000014e-04
1.220175626348000009e+02 -6.726057091368000101e-04
1.260168591211999995e+02 -3.358903880719000114e-04
1.300162096763999955e+02 -7.811972563859999634e-04
1.340156149830000061e+02 -1.165157395222999942e-03
1.380150268602000097e+02 -3.783054981775000160e-04
1.420144951244000140e+02 -7.531012770274999506e-04
1.460139893088999941e+02 -6.127044583780999563e-04
1.500134987104000004e+02 -9.704322622214999611e-04
1.540130513311000016e+02 -5.181336045098999766e-04
1.580126148973000113e+02 -1.056048904287000068e-03
1.620122029450000127e+02 -4.730575824562000052e-04
1.660118117220000045e+02 -3.649157208384999997e-04
1.700114456517000008e+02 -1.418669998307000007e-03
1.740110888867999961e+02 -1.927579247792000038e-03
1.780107458930000064e+02 -1.664932775464999983e-03
1.820104327628999954e+02 -2.093223511808000020e-03
1.860101213728999880e+02 -2.094873280921000138e-03
1.900098299153999903e+02 -1.739804838045999960e-03
1.940095581006999907e+02 -2.112436667721000107e-03
1.980092756898000061e+02 -1.297543567162999902e-03
